13871680059990363530
12013578103537944225
13203447421534395246
17218295936788007852
17611254533312607496
17334751911414330442
13991391506228895673
6251984345694151266
3347007919840255336
2422105785216576001
5443237322523859853
878277820982997612
17188137677795509897
15584747634583898610
7682362778398903269
13650207702837099254
9226729759399737079
4734947898288323312
5009883552900302410
3639191725096102052
14714803467781056569
18211097759684206164
13565702134873761965
18034425276454555966
1386567040814049424
17528531075025130025
5032371658215393911
8811077198628728987
3336996455116329398
4697530202997301113
1841688848415494416
5660173682744890042
13536125961245248208
14581904881616563753
1859680583250821521
2513713531290358467
14135489895834091837
17753591086579966914
8122151001249655349
17413477009255624082
